400.000	8.800
401.505	8.666
403.010	8.599
404.515	8.397
406.020	8.129
407.525	7.793
409.030	7.457
410.535	7.188
412.040	7.054
413.545	6.919
415.050	6.718
416.555	6.449
418.060	6.180
419.565	5.912
421.070	5.710
422.575	5.576
424.080	5.374
425.585	5.240
427.090	5.106
428.595	4.971
430.100	4.770
431.605	4.635
433.110	4.501
434.615	4.367
436.120	4.232
437.625	4.165
439.130	4.098
440.635	3.964
442.140	3.829
443.645	3.695
445.151	3.493
446.656	3.359
448.161	3.225
449.666	3.090
451.171	2.956
452.676	2.889
454.181	2.821
455.686	2.754
457.191	2.754
458.696	2.687
460.201	2.687
461.706	2.687
463.211	2.687
464.716	2.687
466.221	2.687
467.726	2.620
469.231	2.620
470.736	2.620
472.241	2.620
473.746	2.620
475.251	2.620
476.756	2.687
478.261	2.821
479.766	2.821
481.271	2.889
482.776	2.889
484.281	2.821
485.786	2.821
487.291	2.687
488.796	2.553
490.301	2.486
491.806	2.486
493.311	2.553
494.816	2.553
496.321	2.553
497.826	2.553
499.331	2.553
500.836	2.553
502.341	2.553
503.846	2.553
505.351	2.553
506.856	2.486
508.361	2.486
509.866	2.553
511.371	2.687
512.876	2.821
514.381	3.090
515.886	3.426
517.391	3.829
518.896	4.232
520.401	4.568
521.906	4.971
523.411	5.240
524.916	5.441
526.421	5.509
527.926	5.441
529.431	5.374
530.936	5.173
532.441	4.971
533.946	4.635
535.452	4.367
536.957	3.964
538.462	3.628
539.967	3.225
541.472	2.889
542.977	2.553
544.482	2.284
545.987	2.015
547.492	1.814
548.997	1.679
550.502	1.545
552.007	1.478
553.512	1.478
555.017	1.478
556.522	1.545
558.027	1.612
559.532	1.747
561.037	1.948
562.542	2.217
564.047	2.553
565.552	3.023
567.057	3.628
568.562	4.434
570.067	5.441
571.572	6.852
573.077	8.666
574.582	11.017
576.087	14.040
577.592	17.668
579.097	21.497
580.602	25.461
582.107	29.424
583.612	33.052
585.117	36.142
586.622	38.426
588.127	39.971
589.632	40.912
591.137	40.979
592.642	40.374
594.147	39.702
595.652	39.098
597.157	38.762
598.662	38.695
600.167	38.762
601.672	39.098
603.177	39.702
604.682	40.374
606.187	41.248
607.692	42.188
609.197	43.196
610.702	44.271
612.207	45.480
613.712	46.420
615.217	47.092
616.722	47.159
618.227	46.891
619.732	46.353
621.237	45.480
622.742	44.472
624.247	43.397
625.753	42.591
627.258	42.121
628.763	41.852
630.268	41.919
631.773	42.390
633.278	42.994
634.783	43.733
636.288	44.472
637.793	45.211
639.298	45.883
640.803	46.555
642.308	47.025
643.813	47.361
645.318	47.495
646.823	47.361
648.328	47.159
649.833	46.622
651.338	45.950
652.843	45.077
654.348	44.136
655.853	43.196
657.358	42.255
658.863	41.449
660.368	40.845
661.873	40.576
663.378	40.441
664.883	40.509
666.388	40.845
667.893	41.248
669.398	41.718
670.903	42.255
672.408	42.591
673.913	42.927
675.418	42.860
676.923	42.457
678.428	41.785
679.933	40.845
681.438	39.770
682.943	38.493
684.448	37.284
685.953	36.276
687.458	35.336
688.963	34.597
690.468	33.992
691.973	33.589
693.478	33.388
694.983	33.119
696.488	32.917
697.993	32.783
699.498	32.716
701.003	32.649
702.508	32.716
704.013	32.850
705.518	33.119
707.023	33.388
708.528	33.724
710.033	34.060
711.538	34.395
713.043	34.664
714.548	34.798
716.054	34.597
717.559	34.127
719.064	33.522
720.569	32.649
722.074	31.708
723.579	30.633
725.084	29.693
726.589	28.887
728.094	28.148
729.599	27.678
731.104	27.274
732.609	27.207
734.114	27.207
735.619	27.342
737.124	27.678
738.629	28.081
740.134	28.484
741.639	29.021
743.144	29.559
744.649	30.029
746.154	30.432
747.659	30.835
749.164	31.104
750.669	31.238
752.174	31.171
753.679	30.969
755.184	30.701
756.689	30.230
758.194	29.693
759.699	29.088
761.204	28.484
762.709	27.879
764.214	27.274
765.719	26.804
767.224	26.334
768.729	25.998
770.234	25.662
771.739	25.326
773.244	24.990
774.749	24.722
776.254	24.453
777.759	24.184
779.264	24.050
780.769	23.916
782.274	23.916
783.779	23.916
785.284	23.916
786.789	24.050
788.294	24.117
789.799	24.251
791.304	24.319
792.809	24.386
797.324	24.453
798.829	24.386
801.839	23.512
803.344	23.177
804.849	22.572
806.355	21.967
807.860	21.228
809.365	20.557
810.870	19.885
812.375	19.213
813.880	18.676
815.385	18.205
816.890	17.802
818.395	17.466
819.900	17.198
821.405	16.996
822.910	16.862
824.415	16.795
825.920	16.727
827.425	16.727
828.930	16.660
830.435	16.660
831.940	16.660
833.445	16.660
834.950	16.593
836.455	16.593
837.960	16.593
839.465	16.526
840.970	16.526
842.475	16.459
843.980	16.392
845.485	16.257
846.990	16.123
848.495	15.921
850.000	15.720
851.505	15.585
853.010	15.384
854.515	15.182
856.020	14.981
857.525	14.779
859.030	14.578
860.535	14.376
862.040	14.175
863.545	13.973
865.050	13.704
866.555	13.369
868.060	13.100
869.565	12.764
871.070	12.495
872.575	12.159
874.080	11.891
875.585	11.622
877.090	11.353
878.595	11.152
880.100	10.950
881.605	10.816
883.110	10.614
884.615	10.480
886.120	10.413
887.625	10.345
889.130	10.278
890.635	10.211
892.140	10.211
893.645	10.211
895.151	10.211
896.656	10.211
898.161	10.211
899.666	10.211
901.171	10.211
902.676	10.144
904.181	10.144
905.686	10.077
907.191	9.942
908.696	9.808
910.201	9.607
911.706	9.405
913.211	9.203
914.716	9.002
916.221	8.733
917.726	8.464
919.231	8.196
920.736	7.994
922.241	7.726
923.746	7.457
925.251	7.255
926.756	6.987
928.261	6.852
929.766	6.651
931.271	6.516
932.776	6.382
934.281	6.248
935.786	6.180
937.291	6.046
938.796	5.912
940.301	5.777
941.806	5.710
943.311	5.576
944.816	5.441
946.321	5.307
947.826	5.173
949.331	5.038
950.836	4.971
952.341	4.837
953.846	4.702
955.351	4.568
956.856	4.434
958.361	4.367
959.866	4.232
961.371	4.165
962.876	4.031
964.381	3.964
