400.000	2.284
401.505	2.217
403.010	2.284
404.515	2.284
406.020	2.351
407.525	2.351
409.030	2.351
410.535	2.351
412.040	2.418
413.545	2.351
415.050	2.418
416.555	2.418
418.060	2.553
419.565	2.620
421.070	2.553
422.575	2.553
424.080	2.553
425.585	2.553
427.090	2.553
428.595	2.553
430.100	2.620
431.605	2.620
433.110	2.687
434.615	2.687
436.120	2.754
437.625	2.889
439.130	3.023
440.635	3.157
442.140	3.225
443.645	3.292
445.151	3.964
446.656	4.031
448.161	4.232
449.666	4.367
451.171	4.434
452.676	4.568
454.181	4.702
455.686	4.837
457.191	4.837
458.696	4.837
460.201	4.904
461.706	4.904
463.211	5.038
464.716	5.307
466.221	5.576
467.726	6.113
469.231	6.718
470.736	7.524
472.241	8.397
473.746	9.607
475.251	10.278
476.756	11.219
478.261	11.958
479.766	12.965
481.271	14.040
482.776	14.981
484.281	16.257
485.786	17.399
487.291	19.012
488.796	20.355
490.301	21.833
491.806	22.841
493.311	24.251
494.816	25.393
496.321	26.603
497.826	27.812
499.331	28.618
500.836	29.693
502.341	30.701
503.846	31.977
505.351	33.052
506.856	34.127
508.361	35.806
509.866	36.679
511.371	37.553
512.876	37.889
514.381	38.157
515.886	38.493
517.391	38.896
518.896	39.367
520.401	39.971
521.906	40.845
523.411	41.718
524.916	42.860
526.421	44.271
527.926	45.413
529.431	46.219
530.936	46.823
532.441	47.092
533.946	47.159
535.452	46.756
536.957	46.152
538.462	45.144
539.967	44.539
541.472	44.539
542.977	44.875
544.482	45.144
545.987	45.413
547.492	45.480
548.997	45.480
550.502	45.345
552.007	45.010
553.512	44.607
555.017	43.800
556.522	42.927
558.027	41.718
559.532	40.576
561.037	39.031
562.542	38.157
564.047	37.351
565.552	36.545
567.057	36.209
568.562	36.075
570.067	35.940
571.572	35.605
573.077	35.269
574.582	34.731
576.087	33.858
577.592	32.917
579.097	31.641
580.602	31.104
583.612	27.207
585.117	26.334
586.622	24.722
588.127	22.908
589.632	21.430
591.137	19.885
592.642	18.608
594.147	17.601
595.652	16.392
597.157	15.451
598.662	14.309
600.167	13.436
601.672	12.428
603.177	11.286
604.682	10.278
606.187	9.674
607.692	8.599
609.197	7.994
610.702	7.054
612.207	6.382
613.712	5.912
615.217	5.374
616.722	4.971
618.227	4.635
619.732	4.299
621.237	4.165
622.742	4.031
624.247	3.964
625.753	3.896
627.258	3.829
628.763	3.829
630.268	3.762
631.773	3.695
633.278	3.628
634.783	3.560
636.288	3.426
637.793	3.292
639.298	3.090
640.803	3.023
642.308	2.889
643.813	2.754
645.318	2.687
646.823	2.553
648.328	2.418
649.833	2.351
651.338	2.351
652.843	2.351
654.348	2.418
655.853	2.486
657.358	2.553
658.863	2.687
660.368	2.821
661.873	3.023
663.378	3.157
664.883	3.292
666.388	3.426
667.893	3.628
669.398	3.762
670.903	4.031
672.408	4.165
673.913	4.232
675.418	4.434
676.923	4.568
678.428	4.770
679.933	4.971
681.438	5.307
682.943	5.509
684.448	5.845
685.953	6.248
687.458	6.651
688.963	7.121
690.468	7.524
691.973	8.129
693.478	8.666
694.983	9.136
696.488	9.741
697.993	10.144
699.498	10.614
701.003	11.017
702.508	11.219
704.013	11.353
705.518	11.353
707.023	11.286
708.528	11.084
710.033	10.950
711.538	10.749
713.043	10.547
714.548	10.345
716.054	10.211
717.559	10.010
719.064	9.942
720.569	9.875
722.074	9.875
723.579	9.808
725.084	9.875
726.589	9.875
728.094	10.077
729.599	10.144
731.104	10.345
732.609	10.614
734.114	10.883
735.619	11.286
737.124	11.555
738.629	11.891
740.134	12.226
741.639	12.495
743.144	12.831
744.649	13.033
746.154	13.167
747.659	13.301
749.164	13.369
750.669	13.369
752.174	13.369
753.679	13.301
755.184	13.301
756.689	13.301
758.194	13.369
759.699	13.436
761.204	13.570
762.709	13.704
764.214	13.906
765.719	14.040
767.224	14.175
768.729	14.376
770.234	14.511
771.739	14.712
773.244	14.914
774.749	15.048
776.254	15.182
777.759	15.384
779.264	15.518
780.769	15.585
782.274	15.720
783.779	15.787
785.284	15.921
786.789	15.988
788.294	16.056
789.799	16.056
791.304	16.056
792.809	15.988
794.314	15.921
795.819	15.787
797.324	15.653
798.829	15.384
800.334	15.182
801.839	14.981
803.344	14.779
804.849	14.645
806.355	14.578
807.860	14.578
809.365	14.645
810.870	14.712
812.375	14.846
813.880	15.115
815.385	15.317
816.890	15.585
818.395	15.854
819.900	16.056
821.405	16.324
822.910	16.459
825.920	17.131
827.425	17.332
828.930	17.534
830.435	17.668
831.940	17.735
833.445	17.735
834.950	17.601
836.455	17.466
837.960	17.131
839.465	16.996
840.970	16.123
842.475	15.854
843.980	15.518
845.485	15.182
846.990	14.914
848.495	14.712
850.000	14.511
851.505	14.376
853.010	14.309
854.515	14.242
856.020	14.175
857.525	14.107
859.030	13.906
860.535	13.704
862.040	13.503
863.545	13.301
865.050	13.100
872.575	12.831
874.080	12.831
875.585	12.898
877.090	12.965
878.595	13.033
880.100	13.100
881.605	13.100
883.110	13.100
884.615	13.100
886.120	13.033
887.625	12.965
889.130	12.898
890.635	12.831
892.140	12.630
893.645	12.428
895.151	12.226
896.656	11.958
898.161	11.756
899.666	11.555
901.171	11.286
902.676	11.017
904.181	10.681
905.686	10.547
907.191	10.345
908.696	10.278
923.746	8.061
925.251	7.994
926.756	7.793
928.261	7.591
929.766	7.390
931.271	7.188
932.776	6.987
934.281	6.852
935.786	6.651
937.291	6.516
938.796	6.382
940.301	6.315
941.806	6.248
943.311	6.046
944.816	5.912
946.321	5.777
947.826	5.710
949.331	5.576
950.836	5.441
952.341	5.307
953.846	5.240
955.351	5.106
956.856	5.038
958.361	4.904
959.866	4.837
961.371	4.702
962.876	4.568
964.381	4.434
965.886	4.031
967.391	3.896
968.896	3.829
970.401	3.695
971.906	3.560
973.411	3.359
974.916	3.225
976.421	3.090
977.926	2.956
979.431	2.889
980.936	2.754
982.441	2.620
983.946	2.553
985.452	2.486
986.957	2.351
988.462	2.217
989.967	2.217
991.472	2.083
992.977	2.015
994.482	1.948
995.987	1.881
997.492	1.814
998.997	1.814
